1. 28 oktober 62976
2. 1 november 61440
3. 28 april 61440
4. 15 maj 60928
5. 2 september 60416
6. 4 oktober 60416
7. 22 maj 60416
8. 30 september 59904
9. 10 februari 59904
10. 29 april 59904
11. 11 september 59392
12. 11 juni 59392
13. 17 december 59392
14. 5 september 58880
15. 23 oktober 58880
16. 4 juli 58880
17. 7 januari 58880
18. 14 januari 58880
19. 1 december 58880
20. 27 april 58880
21. 12 oktober 58368
22. 7 juni 58368
23. 12 juni 58368
24. 20 januari 58368
25. 3 september 57856
26. 4 mars 57856
27. 20 december 57856
28. 16 december 57856
29. 20 oktober 57344
30. 2 oktober 57344
31. 3 november 57344
32. 26 maj 57344
33. 14 december 57344
34. 24 september 56832
35. 18 maj 56832
36. 19 januari 56832
37. 3 februari 56832
38. 5 december 56832
39. 24 december 56832
40. 11 april 56832
41. 26 september 56320
42. 9 oktober 56320
43. 8 oktober 56320
44. 27 oktober 56320
45. 1 oktober 56320
46. 16 november 56320
47. 2 mars 56320
48. 14 mars 56320
49. 5 maj 56320
50. 25 januari 56320
51. 23 december 56320
52. 13 december 56320
53. 31 augusti 56320
54. 1 april 56320
55. 22 september 55808
56. 17 september 55808
57. 29 oktober 55808
58. 19 november 55808
59. 4 maj 55808
60. 31 maj 55808
61. 20 maj 55808
62. 19 maj 55808
63. 23 juni 55808
64. 13 juni 55808
65. 29 januari 55808
66. 26 januari 55808
67. 4 februari 55808
68. 23 februari 55808
69. 21 december 55808
70. 7 september 55296
71. 16 september 55296
72. 5 oktober 55296
73. 30 oktober 55296
74. 3 oktober 55296
75. 25 oktober 55296
76. 21 oktober 55296
77. 10 oktober 55296
78. 28 maj 55296
79. 8 juni 55296
80. 4 juni 55296
81. 26 juni 55296
82. 21 juli 55296
83. 25 februari 55296
84. 12 december 55296
85. 5 augusti 55296
86. 26 april 55296
87. 6 september 54784
88. 4 september 54784
89. 29 september 54784
90. 1 september 54784
91. 31 oktober 54784
92. 7 november 54784
93. 26 november 54784
94. 2 november 54784
95. 26 mars 54784
96. 25 maj 54784
97. 16 maj 54784
98. 2 juli 54784
99. 1 juli 54784
100. 27 januari 54784
101. 2 januari 54784
102. 13 januari 54784
103. 24 augusti 54784
104. 20 augusti 54784
105. 19 april 54784
106. 15 september 54272
107. 12 september 54272
108. 22 oktober 54272
109. 18 mars 54272
110. 11 mars 54272
111. 27 maj 54272
112. 11 maj 54272
113. 2 juni 54272
114. 15 juni 54272
115. 5 juli 54272
116. 26 juli 54272
117. 14 juli 54272
118. 5 februari 54272
119. 22 februari 54272
120. 9 december 54272
121. 3 december 54272
122. 22 december 54272
123. 19 december 54272
124. 30 augusti 54272
125. 27 september 53760
126. 20 september 53760
127. 18 september 53760
128. 10 september 53760
129. 11 oktober 53760
130. 13 november 53760
131. 25 mars 53760
132. 23 mars 53760
133. 3 maj 53760
134. 24 juni 53760
135. 14 juni 53760
136. 3 juli 53760
137. 9 januari 53760
138. 18 januari 53760
139. 11 januari 53760
140. 19 februari 53760
141. 27 december 53760
142. 2 december 53760
143. 15 december 53760
144. 7 april 53760
145. 21 september 53248
146. 16 oktober 53248
147. 6 mars 53248
148. 22 mars 53248
149. 7 maj 53248
150. 6 maj 53248
151. 13 maj 53248
152. 28 juni 53248
153. 17 juni 53248
154. 16 juni 53248
155. 28 januari 53248
156. 24 februari 53248
157. 1 februari 53248
158. 4 december 53248
159. 22 augusti 53248
160. 21 augusti 53248
161. 19 september 52736
162. 7 oktober 52736
163. 26 oktober 52736
164. 19 oktober 52736
165. 6 november 52736
166. 10 november 52736
167. 3 mars 52736
168. 29 mars 52736
169. 12 maj 52736
170. 30 juli 52736
171. 28 juli 52736
172. 13 juli 52736
173. 3 januari 52736
174. 11 december 52736
175. 16 augusti 52736
176. 11 augusti 52736
177. 8 september 52224
178. 23 september 52224
179. 17 oktober 52224
180. 4 november 52224
181. 28 november 52224
182. 18 november 52224
183. 30 mars 52224
184. 27 mars 52224
185. 15 mars 52224
186. 22 juni 52224
187. 21 januari 52224
188. 14 februari 52224
189. 11 februari 52224
190. 8 december 52224
191. 26 augusti 52224
192. 23 april 52224
193. 20 april 52224
194. 2 april 52224
195. 15 april 52224
196. 13 april 52224
197. 13 september 51712
198. 6 oktober 51712
199. 18 oktober 51712
200. 13 oktober 51712
201. 9 november 51712
202. 31 mars 51712
203. 1 mars 51712
204. 2 maj 51712
205. 30 juni 51712
206. 27 juni 51712
207. 8 juli 51712
208. 7 juli 51712
209. 29 juli 51712
210. 16 juli 51712
211. 8 januari 51712
212. 31 januari 51712
213. 16 februari 51712
214. 31 december 51712
215. 18 december 51712
216. 10 december 51712
217. 8 april 51712
218. 25 september 51200
219. 8 november 51200
220. 30 november 51200
221. 29 november 51200
222. 27 november 51200
223. 23 november 51200
224. 20 november 51200
225. 17 november 51200
226. 8 mars 51200
227. 7 mars 51200
228. 16 mars 51200
229. 17 maj 51200
230. 10 maj 51200
231. 9 juni 51200
232. 25 juli 51200
233. 4 januari 51200
234. 12 januari 51200
235. 21 februari 51200
236. 20 februari 51200
237. 2 februari 51200
238. 6 augusti 51200
239. 25 augusti 51200
240. 12 augusti 51200
241. 14 april 51200
242. 12 april 51200
243. 10 april 51200
244. 9 september 50688
245. 28 september 50688
246. 5 november 50688
247. 25 november 50688
248. 22 november 50688
249. 15 november 50688
250. 8 maj 50688
251. 30 maj 50688
252. 24 maj 50688
253. 23 maj 50688
254. 19 juni 50688
255. 10 juni 50688
256. 12 juli 50688
257. 22 januari 50688
258. 15 januari 50688
259. 9 februari 50688
260. 7 februari 50688
261. 26 februari 50688
262. 18 februari 50688
263. 15 februari 50688
264. 7 december 50688
265. 28 augusti 50688
266. 9 april 50688
267. 30 april 50688
268. 18 april 50688
269. 17 april 50688
270. 24 oktober 50176
271. 15 oktober 50176
272. 14 oktober 50176
273. 24 november 50176
274. 11 november 50176
275. 5 mars 50176
276. 5 juni 50176
277. 3 juni 50176
278. 29 juni 50176
279. 5 januari 50176
280. 8 februari 50176
281. 27 februari 50176
282. 19 augusti 50176
283. 17 augusti 50176
284. 14 augusti 50176
285. 13 augusti 50176
286. 3 april 50176
287. 24 mars 49664
288. 12 mars 49664
289. 10 mars 49664
290. 9 maj 49664
291. 21 maj 49664
292. 25 juni 49664
293. 18 juni 49664
294. 1 juni 49664
295. 6 juli 49664
296. 23 juli 49664
297. 6 februari 49664
298. 13 februari 49664
299. 30 december 49664
300. 29 december 49664
301. 28 december 49664
302. 29 augusti 49664
303. 27 augusti 49664
304. 4 april 49664
305. 25 april 49664
306. 12 november 49152
307. 28 mars 49152
308. 19 mars 49152
309. 29 maj 49152
310. 27 juli 49152
311. 22 juli 49152
312. 17 juli 49152
313. 15 juli 49152
314. 10 januari 49152
315. 28 februari 49152
316. 17 februari 49152
317. 3 augusti 49152
318. 18 augusti 49152
319. 24 april 49152
320. 22 april 49152
321. 16 april 49152
322. 21 november 48640
323. 9 mars 48640
324. 21 mars 48640
325. 9 juli 48640
326. 20 juli 48640
327. 30 januari 48640
328. 16 januari 48640
329. 9 augusti 48640
330. 8 augusti 48640
331. 14 september 48128
332. 20 mars 48128
333. 17 mars 48128
334. 1 maj 48128
335. 31 juli 48128
336. 19 juli 48128
337. 18 juli 48128
338. 21 april 48128
339. 13 mars 47616
340. 14 maj 47616
341. 10 juli 47616
342. 17 januari 47616
343. 12 februari 47616
344. 26 december 47616
345. 7 augusti 47616
346. 4 augusti 47616
347. 23 augusti 47616
348. 1 augusti 47616
349. 6 april 47616
350. 14 november 47104
351. 6 juni 47104
352. 24 juli 47104
353. 11 juli 47104
354. 6 januari 47104
355. 23 januari 47104
356. 1 januari 47104
357. 2 augusti 47104
358. 10 augusti 47104
359. 5 april 47104
360. 24 januari 46592
361. 21 juni 46080
362. 20 juni 46080
363. 6 december 46080
364. 15 augusti 46080
365. 25 december 44544
366. 29 februari 30208